BRIC    = 7.73400      45.0340
CAPOCACCIA  = 8.1588      40.5671
CAPOFIUME    = 11.6200      44.6500
CROCIONE    = 10.6103      43.9615
FIUMICINO    = 12.2344      41.9105
FOSSALON    = 13.4700      45.7200
GATTATICO    = 10.5100      44.7900
GRANDE    = 11.6700      45.3600
ILMONTE    = 14.6208      41.9394
LAURO    = 14.8357      37.1126
LINATE    = 9.28837      45.3437
MACAION    = 11.2100      46.4900
MIDIA    = 13.1772      42.0578
PETTINASCURA    = 16.6183      39.3698
RASU    = 9.01000      40.4200
SAGITTARIA    = 12.7900      45.6900
SERANO    = 12.8002      42.8659
SETTEPANI    = 8.19900      44.2470
XBAND1    = 14.2860      40.8830
XBAND2    = 15.6500      38.0700
XBAND3    = 16.7600      41.1390
XBAND4    = 15.0500      37.4620
ZOUFPLAN    = 12.9703      46.5625
ARMIDDA   = 9.4937   39.8822
DESIO   =  9.1963  45.6273
FLERO   = 10.1768  45.4814